Cluster Name,Feature List
Contact Management,"ring people, mark one star"
